-1
-1
-1
-1
-1
5
3
20
-1
-1
9
-1
7
16
4
-1
20
-1
20
-1
15
-1
-1
-1
13
15
20
6
-1
20
10
-1
-1
20
6
16
16
9
20
6
-1
-1
1
-1
1
-1
9
-1
-1
-1
15
-1
18
-1
8
-1
-1
-1
8
-1
-1
9
20
15
-1
-1
-1
-1
-1
-1
8
-1
8
1
6
-1
6
-1
1
-1
1
-1
10
10
-1
-1
20
-1
1
-1
1
6
-1
-1
10
-1
-1
7
-1
-1
13
13
6
8
-1
-1
-1
19
-1
0
19
17
-1
-1
-1
-1
16
-1
17
-1
11
-1
-1
17
-1
9
-1
-1
-1
7
9
9
-1
-1
18
11
11
7
-1
-1
16
20
18
-1
-1
17
-1
-1
15
-1
-1
6
-1
-1
20
-1
-1
-1
6
3
-1
-1
-1
-1
-1
-1
19
-1
-1
3
-1
-1
-1
16
-1
-1
-1
12
-1
-1
3
5
15
3
3
12
3
3
3
-1
3
3
-1
3
-1
1
11
3
1
-1
-1
-1
-1
7
15
4
-1
19
19
2
1
-1
-1
-1
-1
1
-1
2
-1
-1
-1
-1
2
10
-1
-1
-1
2
-1
-1
-1
6
15
-1
-1
18
20
-1
20
-1
-1
18
20
-1
-1
-1
18
-1
19
16
-1
-1
14
19
-1
-1
14
-1
-1
10
-1
-1
-1
-1
-1
-1
10
10
-1
-1
-1
-1
-1
-1
-1
10
-1
-1
-1
19
-1
-1
-1
19
18
1
-1
-1
20
-1
-1
3
-1
-1
-1
12
12
0
16
-1
-1
16
-1
16
10
-1
10
13
4
20
20
-1
-1
-1
7
1
-1
2
-1
-1
-1
-1
11
18
12
-1
2
18
-1
20
-1
-1
0
2
-1
-1
-1
11
6
0
6
18
-1
-1
18
6
20
20
11
4
11
-1
17
20
5
11
-1
14
-1
-1
14
19
19
11
14
6
-1
-1
0
0
14
-1
-1
6
-1
6
8
6
-1
-1
4
-1
0
0
0
-1
16
-1
-1
-1
-1
-1
10
10
-1
10
3
16
-1
-1
-1
10
-1
18
10
10
1
18
18
1
-1
-1
-1
-1
-1
10
-1
14
-1
-1
16
-1
-1
-1
-1
14
15
3
16
18
-1
3
0
12
14
12
0
-1
12
-1
13
-1
12
-1
-1
-1
-1
13
18
20
-1
-1
-1
-1
-1
14
4
-1
-1
-1
4
12
4
18
5
17
-1
-1
-1
5
18
12
-1
-1
-1
-1
18
18
-1
-1
-1
-1
8
0
18
8
7
1
18
-1
